17.7967 64.5904 108.356 127.395 
-0.611719 -8.74784 -150.52 150.775 

-54.2155 100.28 40.8533 121.096 
9.59789 -2.62225 -11.7954 15.4314 

5.89973 0.133698 20.4395 21.2744 
-0.812578 -1.75173 -0.189935 1.94034 

-3.16262 52.8026 8.43639 53.5658 
-30.0698 1.7527 59.0012 66.2451 

17.4443 7.82884 -3.06282 19.3643 
24.5672 1.83242 -1.05766 24.6582 

-38.0636 -79.2278 66.4404 110.183 
43.6253 115.861 -63.0443 138.93 

-16.2198 5.27318 -68.9371 71.0156 
44.0242 -60.1026 -92.4757 118.753 

8.78202 -7.64166 -85.7143 86.5012 
-6.32799 -33.4933 -49.5674 60.1562 

5.40118 -5.38543 8.68013 11.5551 
18.4717 -49.7985 -170.557 178.636 

-14.1292 49.3344 -119.031 129.622 
-5.50707 -38.7324 -50.284 63.7104 

11.6002 -11.7103 57.1506 59.4801 
-15.3361 2.72095 -1.38996 15.6375 

66.555 41.8844 159.393 177.735 
-8.6601 6.46419 -3.72104 11.4293 

-12.3482 0.887676 107.584 108.294 
-66.6487 -5.21618 -143.786 158.568 

-10.0494 0.69196 14.7701 17.878 
-5.17158 5.61545 -6.05181 9.74181 

11.6317 -0.795825 -5.55979 12.9167 
-7.83165 4.48883 17.6257 19.8028 

-11.4559 -120.765 26.2276 124.11 
15.7803 22.953 -47.5565 55.1134 

-2.0603 1.89789 5.81313 6.45285 
-3.40554 6.5373 44.5182 45.1244 

0.127778 -18.6579 6.04568 19.6134 
2.95122 -1.07125 -22.998 23.2113 

4.33495 8.43769 -1.91904 9.67829 
0.967422 0.899839 -0.362432 1.37003 

3.67353 -3.89571 -0.995696 5.44635 
0.995781 -4.06525 -111.609 111.688 

-54.093 6.65709 -46.0189 71.331 
6.40276 -40.8948 -113.29 120.615 

19.054 4.99197 25.237 32.0137 
81.9162 75.4726 -45.5658 120.344 

-20.7134 -1.27699 6.13001 21.6392 
60.2586 24.4545 -24.5847 69.5236 

-25.0705 22.1631 -37.8426 50.5153 
-30.9506 3.54644 41.3628 51.7822 

10.9319 -10.8904 5.05025 16.2361 
3.55776 3.96784 26.7517 27.2774 

-3.33781 -15.8158 100.974 102.26 
3.29342 -1.81667 2.82818 4.7059 

-10.912 79.4872 155.612 175.078 
-6.79852 -101.307 -127.208 162.761 

0.689313 -0.187555 -3.98439 4.04793 
14.4136 -9.5383 -26.9361 32.0044 

-10.3437 -31.5055 -85.4538 91.6621 
-22.8051 -9.67978 -36.2781 43.9303 

2.4348 -3.25248 -55.7333 55.8812 
-14.1624 6.06332 -24.6608 29.0773 

15.0696 -6.29333 6.06263 17.4199 
-42.386 -60.778 -156.168 172.856 

15.9725 19.5504 9.59552 27.0077 
12.3252 -74.1393 18.178 77.3239 

-1.67474 -1.24647 14.0111 14.1657 
1.98562 13.6852 92.7115 93.7371 

-15.0262 18.1003 175.108 176.681 
40.54 -17.3855 -141.062 147.798 

-29.2234 37.1391 -61.7903 77.7905 
-16.3111 -37.4922 -104.398 112.119 

-64.9463 -23.7447 39.1928 79.4853 
-22.7776 32.1065 77.7674 87.1631 

13.3264 38.9668 -56.0043 69.5161 
38.7182 -36.5226 -109.438 121.695 

-11.6466 15.4111 22.7915 29.8764 
22.7678 2.09462 41.4227 47.3139 

16.8757 -10.3869 -9.808 22.1105 
9.79363 30.5201 -139.514 143.149 

-22.5285 12.2713 -55.1814 60.8532 
43.5275 -48.5382 -111.686 129.322 

1.72679 0.186708 -9.07556 9.24027 
3.97852 -2.43465 3.63379 5.91275 

22.6993 31.9919 -34.4441 52.2028 
-20.9227 -11.0477 -136.545 138.579 

71.0303 -31.7933 154.21 172.733 
-80.0603 24.6658 -82.5187 117.59 

-17.9566 -10.7667 -6.21587 21.8403 
68.0795 36.8365 -35.0042 84.9532 

3.96349 5.01504 11.3747 13.0477 
1.92539 0.989893 -47.8015 47.8505 

6.62227 -6.9983 20.5644 22.7096 
2.14054 0.438426 28.2357 28.3201 

-10.6491 -9.87707 4.13683 15.1021 
-24.5232 32.907 -158.543 163.769 

-36.2009 -32.2588 71.118 86.075 
22.6141 16.124 99.4455 103.251 

0.284947 -46.7955 59.2889 75.5319 
3.10424 27.2443 95.9785 99.8186 

-3.70166 3.7334 130.395 130.501 
7.80416 51.2952 -45.3443 68.9072 

-5.66442 6.10667 -1.67254 8.49556 
-3.19991 -6.60424 -182.831 182.978 

10.7019 31.5628 -31.4775 45.8429 
35.2836 -38.2438 -134.306 144.033 

12.8138 -5.09451 -5.16329 14.7244 
-166.539 46.6523 -40.8742 177.715 

51.3689 5.78347 78.7107 94.1679 
-36.958 -16.3521 86.897 95.8352 

4.60708 -0.0989238 12.6351 13.4492 
-2.87393 5.69539 -1.21282 6.49368 

16.9201 -31.4234 46.0143 58.2326 
-45.7429 20.8531 48.0928 69.5714 

31.1022 -79.7473 59.6856 104.352 
31.3262 -72.057 -32.8536 85.164 

-5.70086 -45.3929 99.6461 109.647 
-4.09519 47.8517 78.3904 91.9326 

7.3784 -1.85103 8.13809 11.1398 
39.3561 63.5718 -161.869 178.303 

-6.03713 -3.28357 -2.32068 7.25357 
0.420645 -1.53416 -2.23467 2.74305 

36.2626 107.75 -7.08806 113.909 
-32.2681 58.7483 -36.2931 76.2219 

2.727 0.881532 -5.54772 6.24426 
10.9809 14.6392 9.0907 20.4335 

-48.6885 -7.91952 -58.3652 76.4185 
19.0638 -34.3135 10.3801 40.6028 

25.9804 8.46599 2.71942 27.4599 
-25.6147 -53.2101 -80.3332 99.7038 

-88.9071 68.3097 101.816 151.45 
-11.5368 -24.0027 29.1845 39.509 

92.9593 -28.0823 46.8447 107.817 
-2.65235 -1.28872 49.9951 50.082 

11.5171 88.8618 157.036 180.802 
-2.28348 0.544678 0.604735 2.42418 

38.087 -14.7246 -31.3801 51.499 
-53.2694 -39.1965 -67.673 94.6236 

25.7732 -24.3992 30.0699 46.5165 
-31.5548 36.8672 116.705 126.392 

6.19427 -79.7631 113.256 138.663 
34.0699 110.625 -105.873 156.869 

-29.6486 46.5741 -60.8163 82.139 
11.4249 -33.2411 -76.108 83.8327 

14.6304 0.805383 -0.772469 14.6729 
-60.6895 125.099 -109.546 177.012 

-1.13333 0.798631 -3.81893 4.06282 
-11.2999 3.9189 -17.1216 20.8853 

40.824 -28.3871 61.1605 78.8228 
-9.49991 11.9888 -90.0931 91.3824 

2.6082 -1.15427 -44.4521 44.5435 
-2.31772 -9.97793 -15.8536 18.8751 

-0.234729 0.456786 -0.0759285 0.519149 
-80.1107 -151.058 -81.8045 189.547 

41.8693 30.9878 144.422 153.528 
18.2336 -6.23348 -95.0526 96.9861 

19.0776 -32.9883 32.4312 50.0397 
-46.0025 -21.8147 -64.1323 81.8844 

3.44607 2.7485 -0.754699 4.47205 
-7.2661 2.35828 40.9922 41.6979 

3.56671 3.10159 -129.414 129.501 
0.255443 9.02583 -29.5295 30.8792 

-49.4866 -13.9693 110.987 122.32 
3.95535 43.5864 51.8809 67.8752 

-5.32389 -23.4781 -16.6225 29.2553 
6.96374 -4.51985 -6.67652 10.6536 

-6.76234 -17.3435 -18.8187 26.4702 
-31.6062 19.2997 60.6836 71.091 

18.04 14.4295 129.926 131.963 
47.099 22.2259 25.4493 57.9652 

-77.9689 35.9323 -48.5764 98.6405 
18.7457 20.8262 -27.1769 39.0348 

-27.2346 -46.7747 90.008 105.029 
-22.6077 16.1815 -70.2427 75.5446 

0.5436 -10.5181 12.5088 16.3522 
-0.120663 3.02083 11.0704 11.4758 

15.2522 31.4769 18.2575 39.4558 
-10.0648 -43.6071 1.22507 44.7703 

-13.5089 -46.6378 -0.956485 48.5643 
-42.8613 28.4077 12.3552 52.8842 

9.50522 4.29204 -20.0536 22.6035 
0.424238 0.297778 -0.340924 0.620386 

-5.83888 -4.57514 104.091 104.355 
-27.8995 58.0369 56.3026 85.5374 

34.33 22.5366 -107.759 115.319 
2.87881 -1.38507 28.7579 28.9348 

-18.8421 21.5273 47.161 55.1599 
-5.57335 4.28234 -0.43283 7.04188 

6.00414 -0.668071 -5.98928 8.50691 
-0.399903 -0.127523 -2.26955 2.30803 

-6.04012 -5.98369 21.3431 22.9743 
2.21951 -1.7545 -0.0250418 2.82934 

-39.1977 20.5384 40.7941 60.1867 
-1.57811 -25.9223 134.291 136.779 

-5.49202 3.65511 -35.6064 36.2124 
-1.70224 2.55967 -4.71862 5.6316 

-9.50348 41.496 105.86 114.099 
49.5054 -26.5228 -153.396 163.354 

6.63515 -7.0553 -116.172 116.575 
0.282033 -0.39977 -1.15575 1.25504 

-6.71598 16.8215 157.362 158.401 
3.70932 32.3918 -153.901 157.316 

71.7475 -25.5376 123.784 145.335 
-20.4534 -23.0706 33.1718 45.2876 

-1.5852 4.76673 3.12082 5.91389 
-4.16247 -0.573718 -0.375674 4.21859 

8.53075 -10.4402 7.37156 15.3659 
2.81844 -34.687 -171.389 174.886 

-132.406 73.6594 86.478 174.458 
-0.459374 2.43221 -3.18565 4.03423 

45.111 -50.2021 95.0925 116.61 
-90.3618 8.38324 -140.926 167.617 

-4.22836 13.6877 -21.2099 25.5948 
-1.58685 -12.3756 -147.21 147.738 

-5.08473 -28.2178 112.638 116.23 
-32.7311 35.7466 55.1841 73.4467 

69.3214 -31.6502 -9.49668 76.7944 
9.97263 -18.4398 59.0856 62.6944 

57.8369 -46.0999 151.063 168.197 
13.0681 17.3039 3.34613 21.9408 

-10.6973 -5.51283 -31.9042 34.0984 
-13.2424 -3.51713 73.8214 75.0822 

100.323 96.128 -33.5776 142.943 
-62.2507 -103.018 -9.52941 120.742 

-9.80815 1.46197 36.6327 37.9512 
-2.74282 6.65415 -46.7019 47.2532 

-14.3212 62.521 159.655 172.057 
50.0721 -36.6497 -130.149 144.185 

2.07651 4.39574 -1.41518 5.06331 
-6.0615 6.39322 -2.07516 9.05104 

27.5512 114.919 145.559 187.491 
1.47805 -72.0658 -66.8762 98.3265 

4.27935 -0.907759 1.41375 4.59734 
0.743307 -3.4673 -17.0582 17.4228 

-4.44075 -6.2747 151.211 151.406 
-42.1325 -2.37381 9.04508 43.1578 

-0.431817 0.0827402 -1.30696 1.37893 
-10.2694 10.1556 -43.8164 46.1353 

-18.6539 8.83901 -0.0419521 20.6421 
-5.81378 3.97425 2.61774 7.51314 

32.3049 -27.9259 133.995 140.634 
25.7009 23.3688 -149.03 153.024 

-30.6373 2.58083 -22.1481 37.8926 
24.4683 -21.7049 -148.817 152.369 

-83.5713 -72.7 47.4879 120.518 
79.5262 15.0743 -95.6061 125.268 

0.678753 3.28425 -2.31937 4.07756 
1.16337 2.50534 -18.5616 18.766 

-80.4637 51.662 95.895 135.422 
-21.7519 48.871 -2.2249 53.5394 

1.04523 -6.98732 -15.7357 17.249 
-50.9814 22.0384 71.6869 90.6852 

-41.1283 32.7588 169.126 177.111 
-9.49768 -0.652038 -7.97648 12.42 

21.1617 18.6666 110.032 113.593 
-21.4252 5.13474 19.9137 29.6978 

17.3593 67.0259 -95.3824 117.863 
23.0296 -5.67959 25.5781 34.8835 

13.5405 19.2269 166.802 168.452 
30.6769 -3.63527 -122.14 125.986 

9.26755 19.624 -4.9717 22.2645 
-50.9623 16.3953 -158.651 167.44 

-54.2551 -117.78 72.0629 148.354 
22.1951 57.8483 -128.917 143.034 

33.1619 -96.1943 40.1852 109.398 
4.44033 146.08 -100.391 177.306 

71.1729 79.2052 15.9358 107.671 
-22.5685 76.0795 21.7492 82.2827 

17.3192 -8.45984 -2.92002 19.4949 
26.9756 -4.47629 -6.19348 28.0371 

0.810738 -0.958939 -0.841432 1.51158 
6.59404 -1.17521 -12.0392 13.777 

-7.13568 -29.7331 17.1814 35.0739 
1.69988 35.2414 161.82 165.621 

-2.4952 2.06094 0.726589 3.31684 
7.79786 -1.63737 30.9799 31.9882 

62.56 -70.1206 -65.57 114.587 
-14.1982 -1.32036 -69.4653 70.9137 

-0.493567 0.0652116 -76.4499 76.4515 
-12.1247 -4.43168 -4.55744 13.6901 

-7.73078 11.6666 -41.0203 43.3421 
-5.27923 0.259624 -24.9287 25.4828 

14.325 2.49694 141.836 142.579 
-5.55673 -3.16705 47.2846 47.7152 

28.3746 6.073 37.591 47.4877 
21.9614 4.32932 -4.71573 22.8754 

-67.4945 35.3451 133.218 153.466 
76.3722 -69.7506 -134.904 169.991 

38.9185 45.0762 164.878 175.303 
-68.8606 -39.3579 -125.517 148.477 

-53.4936 3.65331 24.8317 59.0892 
81.5212 -22.488 -100.902 131.653 

65.124 5.12076 148.921 162.618 
-40.5234 29.8183 -159.449 167.199 

-25.277 42.0181 158.142 165.57 
-20.9187 -19.4233 -135.642 138.613 

19.0996 -35.2047 29.5456 49.7705 
-67.0755 63.9258 46.9782 103.887 

22.5292 -12.8463 135.759 138.214 
-31.848 17.4479 33.2056 49.2071 

78.5569 14.8426 52.7685 95.7915 
5.71103 0.31752 -17.9554 18.8445 

-54.8484 -102.355 107.217 158.052 
0.49912 52.5658 -108.15 120.249 

0.503193 0.661113 3.61809 3.71225 
-6.5146 -1.43919 1.50376 6.83905 

-10.8756 -19.9231 7.68422 23.9636 
14.5167 46.2946 156.428 163.779 

-1.64652 20.6273 140.081 141.601 
0.574816 40.1246 -34.7522 53.0851 

-18.2687 16.3781 84.2306 87.7313 
22.7568 26.8435 -126.107 130.925 

-0.729531 1.68836 -0.765553 1.99219 
6.25831 7.38663 4.26705 10.58 

-28.9957 -14.2543 120.415 124.674 
31.1655 21.4495 20.8594 43.2028 

-24.4283 21.7808 3.98678 32.9702 
6.37177 -53.8273 -156.24 165.375 

73.5463 -7.13715 47.9185 88.0692 
-8.82387 -28.0665 51.9091 59.667 

-19.8745 -8.31275 -103.983 106.191 
39.3085 -41.5951 -59.9616 82.8897 

-6.41282 1.98592 39.2106 39.7811 
-5.7502 3.19479 -7.51725 9.98903 

7.97214 2.41498 6.99984 10.8805 
-21.6612 3.51249 -178.105 179.452 

153.331 37.5293 64.7897 170.635 
9.24101 -11.5336 -12.4066 19.2962 

-9.34857 8.83777 -1.08684 12.9106 
3.57535 0.234651 8.7882 9.49056 

-47.4142 -13.8186 139.74 148.211 
0.402972 7.89529 -128.368 128.611 

-6.64995 8.9856 173.115 173.475 
-8.52744 -4.8891 13.0759 16.3585 

-5.17181 40.979 -72.2293 83.2051 
76.8249 38.9958 -62.5276 106.454 

-46.4278 38.672 74.4745 95.9037 
-7.5835 -32.005 88.5099 94.4236 

-22.3366 -43.155 75.4524 89.746 
52.9973 -15.9473 49.3696 74.1646 

1.35576 -22.2451 39.1163 45.0197 
33.382 -140.806 6.18072 144.841 

9.77162 38.0781 -11.2366 40.8863 
30.1436 -124.531 -100.152 162.625 

23.3559 -15.1427 56.2519 62.7621 
-19.6783 60.5019 109.874 126.965 

15.5506 -58.0418 119.122 133.42 
14.5312 25.8892 40.9284 50.5622 

72.6723 -17.144 161.634 178.047 
-0.814433 -23.1683 -60.5271 64.8148 

-22.3127 99.8973 81.2676 130.697 
-1.31188 -158.826 -81.5694 178.553 

0.951313 10.9439 -153.31 153.703 
0.476947 0.343045 -0.390118 0.705231 

2.65917 8.05064 49.6751 50.3935 
-0.285788 -0.841573 10.131 10.1699 

5.77571 13.2903 179.808 180.391 
4.13799 1.2817 -7.79634 8.919 

11.123 -42.0283 -38.8131 58.28 
-40.8027 -2.47903 -125.136 131.644 

-4.61573 -8.2223 17.4994 19.8782 
-1.01732 19.7771 44.8142 48.9947 

-21.8692 0.740206 113.574 115.663 
24.8382 46.1037 52.2249 73.9589 

-11.9296 -1.38231 3.8905 12.6239 
-0.438341 -0.98167 1.07197 1.5182 

25.4913 -28.4004 -48.7545 61.9144 
-43.484 -49.2177 -14.9147 67.3475 

-81.885 -0.899854 142.043 163.958 
-17.6217 23.1136 -9.8992 30.7043 

-51.3538 9.32225 79.2866 94.9235 
44.5348 -29.439 -105.879 118.577 

-75.7776 9.35156 57.7278 95.7193 
-14.1028 -3.20571 -36.2185 38.9993 

-41.9845 -103.12 13.8446 112.196 
16.5862 -49.4243 58.7182 78.5219 

-20.0154 -2.8772 13.9829 24.5848 
39.2633 19.2507 112.439 120.643 

30.5566 -37.6694 -9.17016 49.3637 
111.34 13.796 -79.5917 137.556 

-4.14115 9.01746 -29.7865 31.3959 
3.24949 4.01423 -16.4125 17.2059 

-7.30372 6.09737 5.72804 11.1055 
150.242 -13.2458 -53.6927 160.097 

-22.1691 49.3199 108.508 121.235 
16.6672 -79.8822 -65.7 104.764 

43.5387 15.5527 7.74997 46.8782 
-50.5265 2.33279 -166.09 173.621 

24.6641 50.7584 26.5152 62.3522 
-30.3318 47.7819 114.451 127.68 

-74.3058 -32.2083 84.3749 116.952 
142.986 -8.29962 -102.121 175.904 

0.0253998 -0.0554553 0.123025 0.137316 
12.9736 -13.3098 69.4875 71.9304 

145.17 -61.8042 -102.863 188.348 
0.806985 -0.122569 -0.245195 0.852272 

21.7017 2.27969 -68.2956 71.697 
-18.4183 19.1922 2.44162 26.7121 

145.17 -4.94179 -41.9814 151.199 
6.43996 33.2599 -18.4403 38.5712 

57.9647 -35.3833 24.4933 72.1928 
-20.6886 -4.96241 -15.7869 26.4928 

2.15901 13.5486 -41.3281 43.5458 
6.73969 -9.5173 -11.1159 16.111 

-107.643 -28.9115 108.554 155.586 
114.5 -9.64665 -134.774 177.108 

-1.36047 -4.85933 -22.1259 22.6941 
-2.42321 1.43847 -105.261 105.299 

-10.0503 2.24923 -120.838 121.276 
4.73108 1.38615 2.00681 5.32276 

83.9972 -8.35621 139.731 163.249 
-43.5038 -13.561 -146.246 153.181 

-7.89059 12.4515 -2.12074 14.8929 
-0.338319 3.92837 1.73131 4.30627 

20.328 5.76754 -17.9654 27.7353 
-2.51321 -2.79828 -6.25542 7.2991 

38.9239 -63.654 159.176 175.795 
-50.9899 13.4439 -137.325 147.102 

36.049 59.0065 11.9614 70.1739 
-144.729 16.9299 -46.28 152.888 

0.212666 0.118653 3.99339 4.00081 
-12.5754 -5.8259 26.7431 30.121 

91.086 13.4001 38.2611 99.7002 
-39.0129 -25.439 -67.6262 82.1125 

14.345 -0.112335 6.78658 15.8698 
140.125 -27.0685 79.9764 163.597 

-0.588344 -1.16598 0.629742 1.44991 
-5.13595 -0.769018 -8.64674 10.0864 

-3.93889 5.18911 -187.22 187.333 
-0.583794 -0.49193 -1.75084 1.91004 

-27.2332 2.00586 173.998 176.128 
13.0888 4.66494 -5.8633 15.0817 

63.1851 -49.5217 134.267 156.437 
-49.6519 45.1849 -65.0773 93.4989 

7.12162 -3.50266 -11.5238 13.9923 
0.0978558 -0.526119 -0.095342 0.543569 

-5.10559 -8.92972 -26.7971 28.7035 
2.9435 -1.00142 1.01959 3.27209 

23.4101 -30.8741 12.2776 40.6446 
-62.3986 -30.1816 32.495 76.5535 

-12.226 103.484 118.627 157.894 
25.8828 -102.027 -75.5048 129.539 

-17.6744 34.8157 33.3687 51.3613 
1.65631 -33.7839 92.2819 98.2856 

-25.2349 59.6281 148.257 161.779 
50.2866 -0.357568 -109.822 120.788 

39.0051 -118.529 -75.8004 146.001 
4.41357 0.169858 -4.2006 6.09537 

-11.0509 -13.7483 -21.7032 27.9672 
48.5902 63.6611 -140.094 161.369 

6.00003 0.130377 3.55798 6.97686 
-6.56878 6.00705 15.8138 18.1469 

-1.22755 -1.45233 -97.2266 97.2452 
-2.60365 -4.29901 -1.42197 5.22326 

3.51109 -5.89731 -12.4903 14.2518 
0.250552 -0.0705034 0.123747 0.288202 

9.16417 -16.3275 -1.0056 18.7505 
-5.32545 20.424 -11.4519 24.0134 

-166.598 20.2285 8.68082 168.046 
44.4624 -16.1716 -29.6586 55.8395 

5.48385 3.04059 -136.489 136.633 
1.03035 -0.0970542 -2.87523 3.05581 

28.462 -42.3125 -39.7003 64.6262 
-52.194 -40.7416 -56.4572 87.0144 

-0.543407 -0.147212 -0.118838 0.5754 
151.366 -100.802 53.294 189.507 

-88.4264 164.917 9.0008 187.344 
0.135325 -4.09408 -6.96716 8.08215 

-37.1698 -27.1853 -92.0611 102.936 
37.9445 -4.18166 -77.6112 86.4915 

3.99574 4.5217 -20.6414 21.5054 
-7.13637 1.30915 -4.76238 8.67882 

112.057 -37.7387 -69.2091 137.007 
33.1473 27.029 -6.40109 43.2468 

-29.3633 14.6752 14.5817 35.9192 
17.3662 90.681 -132.537 161.526 

-7.1854 1.4525 15.9583 17.5615 
-1.20241 -1.55313 8.30471 8.53383 

-8.92207 -10.7905 4.10635 14.5911 
9.32735 -12.5592 -174.306 175.007 

-21.846 67.984 156.372 171.905 
13.5148 -8.83092 6.30484 17.3317 

-4.48394 -43.511 24.0088 49.8972 
69.9235 -10.2227 76.5932 104.213 

-18.0714 -17.1756 -25.0048 35.3103 
29.1751 54.5424 -142.315 155.177 

50.8605 -39.3587 142.408 156.256 
3.30478 33.594 19.4449 38.9562 

-57.3924 -79.2871 62.1891 115.965 
21.7557 -12.7516 -18.4754 31.2611 

-72.4779 57.7015 115.742 148.252 
-22.6019 -26.7709 24.9494 43.0116 

-15.0303 50.7154 -70.9013 88.4588 
-10.0702 -30.6995 -22.9364 39.6226 

63.4005 85.1513 143.287 178.33 
-50.9118 -80.0337 -60.3077 112.403 

-8.52481 19.7238 166.502 167.883 
45.2126 -19.6596 -164.702 171.923 

39.2449 22.2316 13.2834 47.0198 
123.522 -42.7555 -60.4046 143.994 

-9.34935 -12.3107 -148.463 149.266 
18.2334 16.5484 -25.7217 35.6077 

-28.2048 14.9479 3.27633 32.0887 
128.388 91.7506 -54.2937 166.882 

-7.35469 -3.32147 -10.1563 12.9721 
2.4162 4.63246 -9.03511 10.437 

-0.0874856 0.0704524 -0.0796431 0.137696 
93.8005 -142.908 81.3881 189.328 

18.8377 15.4095 120.949 123.374 
-49.5171 -36.5195 -141.717 154.497 

-3.4733 4.48234 6.98803 8.99932 
-0.0542564 9.14275 17.9483 20.1428 

3.60986 -3.82767 4.02338 6.62342 
-14.2733 -3.37065 -55.2011 57.1161 

-20.6953 41.8085 34.6125 58.0885 
-7.3132 128.047 -30.4325 131.817 

-18.722 -7.5249 -52.8325 56.5545 
0.408819 -12.5733 -51.0263 52.5541 

6.44287 -6.05384 4.99473 10.1542 
0.415148 1.50688 -4.64916 4.90487 

1.31957 -2.43185 8.72789 9.15594 
5.25257 6.05821 4.99931 9.44905 

36.2662 -8.83064 94.0891 101.222 
-55.542 -33.1263 -100.75 119.72 

11.2867 16.6412 -0.778348 20.1228 
-15.7199 12.5826 -168.845 170.041 

37.9919 -10.8468 50.4503 64.0802 
-47.5272 -5.7636 -73.1516 87.4255 

-54.1594 -9.50596 169.958 178.632 
-15.2264 5.3402 -0.029909 16.1357 

-15.1465 -79.3742 119.881 144.572 
2.71673 122.503 -131.394 179.663 

-0.319939 -1.44618 1.41375 2.04755 
6.95815 3.85729 13.7798 15.9116 

-38.2223 36.7883 127.397 138.001 
-29.4059 -43.0338 -60.6461 79.966 

41.2797 29.2568 10.6683 51.7087 
-33.5073 1.82153 25.2226 41.979 

10.4125 -5.64361 -16.3976 20.2275 
-4.13762 -1.33295 -144.646 144.712 

13.5043 -3.122 15.4075 20.7244 
-2.16739 -1.11232 23.5339 23.6597 

89.7709 100.185 51.1169 143.906 
-77.0753 25.7936 -63.7978 103.325 

-10.3685 -11.152 -5.22713 16.0996 
71.266 40.858 -153.05 173.702 

-30.101 10.0443 -17.6656 36.3184 
-15.541 -64.6934 -135.616 151.058 

-32.7374 -18.072 123.207 128.757 
31.5439 10.0143 27.9492 43.3181 

37.1121 34.03 131.105 140.441 
-27.2943 -14.4421 38.8648 49.639 

-51.6015 3.95756 6.21695 52.1251 
4.72235 13.5987 -48.8911 50.9663 

-35.2688 -42.9977 61.8007 83.1385 
-6.90928 32.694 -158.781 162.259 

73.9196 11.9949 -25.1359 78.9924 
-58.5072 11.0023 -28.5206 66.0118 

27.8613 9.07242 -23.3214 37.4492 
-27.0996 7.85636 -148.625 151.279 

25.1245 19.5626 174.543 177.424 
-5.22526 8.90645 -146.429 146.792 

-2.88676 28.3896 -99.3575 103.374 
56.2652 -14.975 -63.4358 86.1053 

-6.03734 2.23063 7.1505 9.62054 
30.4627 -42.8895 -172.942 180.767 

-93.7456 34.7145 -12.4822 100.743 
-78.0023 -33.313 29.0803 89.6649 

-11.137 -65.3289 138.46 153.502 
-4.83898 -6.65268 24.6509 25.9873 

-38.7659 23.3939 52.0388 68.979 
29.3075 13.92 -34.1774 47.1253 

85.1037 -69.0775 110.946 155.959 
16.5914 -27.6035 -11.2446 34.1126 

60.6915 18.4741 6.94725 63.8202 
-0.464879 -39.3438 2.4933 39.4255 

-55.0606 3.07127 -29.1477 62.3754 
-89.8106 -97.4343 -15.3183 133.394 

146.95 -34.3963 80.7466 171.165 
-99.8251 55.5282 -43.7861 122.334 

28.3044 15.8181 0.946842 32.4384 
-40.8791 -20.2213 27.2464 53.1259 

5.1785 5.49821 9.19203 11.8971 
-19.7567 17.1375 -177.656 179.571 

-5.50546 -0.478736 -2.54337 6.08342 
8.34254 -8.87446 19.3318 22.8489 

-51.4713 26.7209 -48.7176 75.741 
-30.9435 -46.1344 -100.474 114.808 

16.0731 34.2929 -40.1571 55.1991 
-21.716 -36.8067 -48.6164 64.7292 

-1.55424 5.78987 3.54303 6.96357 
-10.8101 14.8252 20.9763 27.8685 

-35.8463 -26.2623 -108.445 117.197 
39.322 20.6644 -56.8163 72.1202 

-13.4456 -3.4546 74.1178 75.4066 
-53.8454 -5.83012 -154.79 163.991 

-120.38 -130.971 -54.5573 186.068 
0.0838675 0.122467 0.54141 0.561389 

-0.606859 -2.82457 70.0485 70.108 
-11.6581 3.3734 5.20122 13.2039 

7.04307 10.3179 7.88687 14.7739 
0.599292 -9.23541 9.23891 13.0771 

-2.1986 -0.639295 1.11154 2.5452 
-2.76221 -1.85947 0.316328 3.34478 

-2.16062 -15.0036 -12.8915 19.8989 
-1.13347 1.51923 0.960622 2.12499 

0.0202437 3.4567 143.462 143.503 
19.0831 -36.5811 -41.5782 58.5755 

10.8144 -32.8389 37.4922 51.0001 
39.9351 36.0837 11.4106 55.0187 

8.44294 16.1218 -112.433 113.896 
-0.0319527 -1.17457 -6.51352 6.61865 

-5.41534 3.25569 18.4353 19.4881 
11.9167 -6.0606 11.9974 17.9632 

-3.37679 -1.13108 -14.9674 15.3852 
-6.59503 -3.42204 -0.0689977 7.43031 

28.4956 -124.727 99.2616 161.931 
1.69426 -8.43293 10.895 13.8812 

-21.2238 -35.3544 -32.1087 52.2623 
22.0748 23.3671 -145.809 149.311 

8.2867 -7.39477 -6.86297 13.0557 
2.41756 1.89279 1.92059 3.62159 

13.383 23.7092 -12.7323 30.0557 
39.224 -33.6938 -149.85 158.521 

-92.4822 -104.574 83.5497 162.694 
-23.0193 13.6362 5.44349 27.3032 

-21.9773 104.161 32.0962 111.188 
49.5483 -93.468 -111.971 154.042 

-2.07996 -19.193 -21.5376 28.9234 
-1.55998 1.8008 -3.52729 4.25654 

-15.1364 -92.4014 151.03 177.699 
4.95302 6.48078 -8.55556 11.8208 

-58.4466 45.9379 70.0285 102.129 
12.101 -18.4523 20.5548 30.1566 

0.981674 35.4597 36.2338 50.7074 
-30.0838 -21.3598 -39.6265 54.1437 

0.386162 0.611043 16.6451 16.6608 
-4.83539 2.03502 19.3364 20.0354 

14.9355 -9.9312 -12.0981 21.6347 
-73.6756 28.9148 -148.57 168.336 

-99.1823 0.324076 -149.402 179.327 
9.2977 -30.7093 43.4623 54.023 

0.540993 -1.43918 -135.446 135.455 
-8.50138 -4.70737 -18.9516 21.2978 

-69.2706 -0.226893 141.749 157.769 
20.8744 7.7218 23.2959 32.219 

-16.1115 77.699 -30.9002 85.1559 
52.9971 89.3484 12.4135 104.623 

33.9977 20.4572 30.2802 49.9123 
-4.60013 -36.7465 -99.8338 106.481 

-158.487 -53.7685 13.7628 167.924 
-3.37003 45.8079 -15.15 48.3657 

2.72783 -9.7862 27.689 29.4939 
1.36636 3.36829 6.21624 7.20097 

15.9186 -22.1136 -41.6466 49.768 
44.4053 -23.8155 -106.052 117.414 

30.4106 2.41771 161.965 164.813 
-46.635 13.8931 -128.092 137.023 

-12.8052 35.3314 174.049 178.06 
8.49296 -7.13688 -4.01026 11.7961 

3.26127 0.301825 -9.29412 9.85432 
10.3772 -11.9018 -16.0731 22.5318 

-35.9001 -7.8437 153.365 157.706 
-10.7998 32.7075 17.7096 38.7304 

73.0248 -114.65 52.0535 145.557 
-16.2584 17.8779 52.7282 58.0019 

-27.3934 29.2269 160.622 165.542 
58.4366 -27.0239 -81.8727 104.155 

3.00734 -2.98311 -8.67136 9.65067 
37.0046 4.26637 -163.915 168.094 

-1.13906 -98.8797 86.6473 131.477 
25.5947 0.138806 52.6082 58.5041 

-59.0442 -7.99645 -15.7459 61.6287 
14.2968 8.99036 41.4546 44.7628 

0.546466 -0.46186 -0.735 1.02575 
65.0844 -100.516 -145.67 188.571 

-3.66129 2.06278 -1.5989 4.49629 
-5.00479 3.52261 2.49215 6.60814 

-3.9467 2.88956 -0.0822912 4.89211 
-15.1613 -5.95023 -1.28542 16.3378 

57.2196 -101.369 15.9008 117.485 
60.9461 -13.6213 -33.8061 71.0128 

-28.4489 0.59183 -6.69178 29.2314 
40.1928 59.8411 -22.6908 75.5731 

10.7116 -10.5374 -9.28095 17.661 
82.7995 -18.9238 -150.996 173.244 

26.5681 -32.4914 -10.0587 43.1594 
42.3467 -42.0208 95.0121 112.189 

58.4613 -65.4281 96.2141 130.214 
-33.4316 56.4373 -49.4166 82.127 

-84.5604 106.299 67.8006 151.812 
11.432 -70.8773 -86.2527 112.222 

-8.55704 -1.1995 -123.968 124.269 
3.33155 4.47452 -20.2714 21.025 

4.84989 25.6835 -6.21637 26.8664 
-67.2366 12.1631 -146.626 161.765 

-21.6458 -32.3947 46.6531 60.7821 
6.61155 19.5277 -162.568 163.87 

8.41535 13.5622 19.7555 25.3975 
-60.5774 -11.2236 -26.6229 67.1146 

-21.8551 53.5839 91.5057 108.269 
-15.2885 -31.3259 74.93 82.6411 

-47.6484 19.6381 182.583 189.717 
3.71218 1.75663 -10.2652 11.0563 

-51.9962 51.5254 108.455 130.847 
10.9527 -18.1102 16.9627 27.1233 

14.457 -10.8233 -10.8542 21.0704 
2.43584 -2.71632 0.709351 3.71684 

85.0482 39.352 113.716 147.354 
-21.1667 -21.7237 -3.55043 30.5378 

-0.303937 -11.0256 -19.0163 21.9835 
1.80748 -10.5648 32.1932 33.9305 

-12.2778 45.5791 151.888 159.054 
-15.0286 -35.0511 -176.507 180.58 

-8.96617 0.330275 9.01177 12.7167 
14.8584 0.109283 -87.4536 88.7069 

-54.5379 -4.43877 103.715 117.264 
16.3645 29.1653 -46.7804 57.5049 

-23.4189 23.0845 97.4103 102.811 
49.81 1.68799 69.0986 85.1969 

-14.26 -4.58218 29.5291 33.1106 
7.42231 10.8233 117.991 118.719 

21.231 20.9746 -25.5479 39.2859 
-36.799 -11.1253 14.5645 41.1104 

-1.50758 -30.9681 -42.5635 52.6588 
-21.962 47.0408 -127.133 137.324 

-2.77151 4.43465 -4.08489 6.63579 
4.01388 1.50096 8.4919 9.51191 

-1.6756 -5.44435 -17.6954 18.5897 
-2.24742 1.75468 -33.922 34.0416 

3.81763 -1.1282 9.59963 10.3923 
-2.54754 -11.8715 -6.40018 13.7253 

-1.89902 18.1771 -52.1111 55.223 
-1.09295 -1.83993 -0.292412 2.15995 

-10.0015 -59.8864 151.066 162.811 
-13.1594 9.02747 -148.185 149.042 

-7.51694 3.09517 -1.33839 8.23867 
-0.0815315 -0.618934 2.69125 2.7627 

-0.189102 -0.109438 -95.0818 95.0821 
3.92849 -9.23601 -50.8042 51.7861 

-45.8829 -45.5651 -78.3447 101.584 
3.08493 -78.9188 -28.9394 84.1141 

-0.707255 11.2004 128.066 128.557 
4.18106 -6.0769 7.88613 10.7982 

-20.0646 -75.1745 75.0365 108.094 
-35.1068 24.6739 -0.50217 42.9131 

3.51422 2.80719 34.584 34.8753 
8.01668 4.33532 -1.28631 9.20417 

-4.52385 -5.31903 -46.8177 47.3356 
12.3957 -18.493 -42.0672 47.5951 

121.014 7.59192 16.0493 122.31 
47.7579 -30.7253 -34.371 66.3794 

24.3844 13.3786 -0.200892 27.8141 
-3.39689 -12.2995 -118.046 118.733 

-28.1827 -82.3415 -103.104 134.925 
29.4865 -11.8131 -53.0515 61.8341 

29.4191 -31.9624 -10.9235 44.7928 
49.2848 -0.794595 73.2944 88.3273 

4.03049 -10.3399 0.293344 11.1015 
-1.73048 0.0655558 -2.16676 2.77375 

33.1177 -30.2209 -41.3872 61.0163 
-37.2587 -30.941 -119.478 128.921 

14.0483 10.9859 -3.09599 18.1005 
-2.20375 -0.351307 -6.97346 7.32182 

-31.4555 -8.31013 29.1126 43.6584 
5.25649 29.7948 -28.7827 41.7588 

6.9983 4.23599 65.0981 65.6101 
-58.5032 -64.0393 82.1643 119.476 

0.591374 -0.415134 -0.86597 1.12781 
-0.440306 6.22464 33.0059 33.5906 

23.1856 -123.683 -71.2223 144.595 
-8.50106 -21.8126 -19.5465 30.4979 

-61.3565 157.33 52.0579 176.713 
13.4025 0.162885 -1.59997 13.4986 

65.3108 13.5115 -5.80223 66.9457 
20.6964 68.1837 32.2502 78.214 

-65.4464 15.5633 -35.837 76.2216 
-32.9966 -49.3917 117.063 131.271 

128.918 113.601 0.338911 171.829 
9.63562 -11.1059 10.8993 18.3025 

-0.37734 21.3419 1.69514 21.4125 
9.0695 31.7671 -165.498 168.763 

-22.6453 6.79846 128.947 131.097 
36.2397 -21.6105 42.2963 59.7437 

23.6153 18.6665 74.3834 80.2434 
-14.7678 18.9611 29.4025 37.9752 

-42.923 -14.2036 -13.9429 47.3131 
-36.2735 -6.11206 -138.49 143.292 

-1.66427 -6.93319 5.07987 8.75465 
7.59262 10.6923 5.06321 14.0573 

-0.583529 -8.76423 29.7299 31.0003 
-1.18636 -1.37999 20.4518 20.5326 

-23.8992 -44.1687 -48.4674 69.7935 
11.8857 8.45873 -119.308 120.197 

40.9547 66.3719 -129.866 151.485 
-1.07335 -19.8171 -15.6342 25.2646 

-12.3393 -2.8107 10.3026 16.3187 
4.83294 0.136329 5.07858 7.01198 

15.0466 -20.0664 -6.48782 25.9066 
-3.26531 43.9735 -56.662 71.7978 

-0.614217 5.83104 0.189533 5.86636 
4.52889 5.88775 -67.8997 68.3048 

-47.8297 -31.3231 152.452 162.82 
60.4479 18.5075 -87.5519 107.99 

-20.1309 61.3642 93.9867 114.037 
51.4759 -30.6895 -147.646 159.346 

24.5389 4.09728 11.1852 27.2773 
-38.1269 -36.1334 -49.3023 72.0416 

37.7686 -0.63725 73.458 82.6011 
-28.6238 -47.6117 92.3134 107.74 

-0.453863 20.0242 38.9046 43.7577 
-13.8004 -5.37393 31.2297 34.5633 

34.6024 21.137 102.315 110.057 
-42.4409 23.3292 -137.237 145.531 

8.90933 8.38702 13.5358 18.2465 
19.6753 5.5877 97.7738 99.8902 

5.24784 24.6922 144.187 146.38 
17.6207 -11.246 -113.191 115.105 

-0.782791 16.1154 3.36607 16.4818 
13.2809 -18.8357 100.908 103.507 

-49.573 26.5883 124.715 136.815 
14.2638 -25.7317 42.3131 51.5362 

11.842 6.52756 -81.7374 82.8483 
30.6635 -10.5072 -83.56 89.6266 

27.5697 5.08082 26.879 38.8379 
-50.2167 7.87856 10.2564 51.8554 

-4.67027 -6.03759 21.1166 22.4539 
111.077 46.6625 7.33061 120.703 

-18.0386 -22.1031 -52.0813 59.3835 
2.73459 -1.6312 80.0171 80.0804 

-2.68836 1.63627 16.9607 17.2502 
4.82252 9.09151 2.15434 10.5144 

0.645617 3.94137 33.6963 33.9322 
13.571 11.0921 26.9311 32.1324 

60.0141 1.75393 124.19 137.942 
-27.7702 61.7677 -115.668 134.035 

-10.697 -4.05566 -39.8966 41.5043 
-0.0742323 -2.74531 -11.5021 11.8255 

-0.624213 -3.17471 0.67336 3.30482 
-3.68994 -0.466942 -16.2587 16.6787 

-3.43327 6.37741 -167.584 167.74 
3.23768 5.7083 -14.9402 16.318 

-30.458 -21.9025 168.814 172.932 
17.3585 -3.37677 1.73572 17.7689 

-21.4797 13.7378 -26.5867 36.8369 
12.4148 -4.14646 -2.87208 13.4003 

56.9077 -52.4441 53.6448 94.1627 
43.9726 19.5925 82.4003 95.432 

33.983 45.0009 -95.7451 111.117 
-42.7402 17.6342 -68.2617 82.4461 

-0.156793 -0.660222 116.165 116.167 
-1.71038 5.46091 18.9551 19.8001 

2.80732 -9.76563 -2.99589 10.5936 
3.36617 -0.821406 -5.41681 6.43021 

0.606606 -0.431257 -0.807061 1.09786 
-6.61267 0.0995432 -2.98165 7.25448 

5.4274 -14.7901 -28.6932 32.7338 
2.11863 4.17272 -20.1724 20.7081 

-16.347 33.9039 45.3723 58.9521 
-32.1545 -29.7205 -14.0021 45.9704 

-26.5496 -27.1983 -57.1418 68.6281 
-1.18894 14.037 121.418 122.233 

-4.63059 0.492192 -11.3124 12.2334 
-1.73655 -0.343752 -7.96492 8.15927 

0.217078 -1.82368 -0.72681 1.97514 
-8.29196 6.67763 -18.8343 21.6351 

-6.04398 47.8515 132.051 140.583 
24.7892 -24.6916 36.3593 50.4597 

8.87733 1.90082 -114.837 115.196 
0.632117 1.6292 -5.91938 6.17195 

-5.40855 -8.56964 -12.4229 16.0319 
64.7194 -54.4978 143.42 166.517 

34.0868 -8.11379 154.474 158.398 
-21.0229 -18.3865 15.7725 32.0749 

62.6771 112.791 93.0704 159.099 
25.4164 -11.9251 10.8879 30.1122 

-100.898 41.8356 115.376 158.878 
80.5618 -56.2355 -86.4227 130.849 

-40.6404 7.35144 47.3474 62.8288 
27.34 38.552 15.2574 49.6641 

-7.79008 2.19599 11.3805 13.9651 
-5.90276 -18.782 130.391 131.869 

10.8241 -0.56204 65.5547 66.4447 
-1.35448 1.71264 38.7597 38.8212 

-20.4068 59.4695 -66.1782 91.2832 
64.1725 60.8852 -46.5426 99.9567 

4.36722 -39.2401 -134.504 140.179 
5.69228 30.6222 -26.9523 41.1892 

-2.52181 2.61061 -2.63968 4.48807 
-0.317391 4.47569 -15.8706 16.4926 

11.742 48.8119 138.896 147.691 
17.9473 -24.7339 29.1187 42.2111 

5.53639 1.20729 13.0668 14.2426 
-1.40749 1.81068 24.0107 24.1199 

-4.08483 2.73373 -9.98043 11.1251 
-57.2338 -4.47984 -117.595 130.86 

7.5169 26.3085 11.8741 29.8267 
0.36483 -1.04289 38.5692 38.585 

-6.64944 19.6184 7.68066 22.0928 
52.5851 84.6703 -135.185 167.956 

-5.19903 123.686 76.6052 145.58 
-27.5414 43.2981 -20.2449 55.1644 

5.93424 48.4215 13.8144 50.702 
-40.6573 -29.5897 10.7962 51.4308 

15.3796 7.50498 21.5568 27.5237 
5.57641 -37.9597 -53.3847 65.7416 

-0.235405 -3.59867 -1.35821 3.85365 
-15.1236 3.26178 130.272 131.188 

44.9848 -95.2426 68.0514 125.402 
-5.31901 120.443 -118.875 169.311 

-32.1873 -58.2958 30.609 73.2894 
27.0789 139.95 -34.4927 146.659 

36.8052 -2.11186 166.269 170.307 
-19.1028 3.56694 4.91779 20.0456 

-7.16245 1.02056 50.9812 51.492 
1.42429 5.97136 28.0516 28.7155 

-0.673439 7.61811 -35.8863 36.6922 
-8.37881 -0.121483 -70.8056 71.2997 

-0.0261017 -1.61543 -1.03537 1.91893 
3.06903 -3.75043 2.18163 5.31452 

41.4845 -111.045 65.9822 135.667 
-11.7889 34.4526 -76.0455 84.3141 

5.19302 0.176977 15.5679 16.4121 
0.145975 6.43049 -9.99695 11.8875 

64.7443 51.4123 100.573 130.192 
-90.5043 -6.53655 -115.215 146.657 

8.4914 -8.88144 3.40532 12.7507 
-106.103 -42.1396 -136.976 178.314 

27.0277 -61.5296 -101.375 121.627 
19.7214 25.7543 -45.6284 55.9836 

102.01 -4.31877 51.5033 114.356 
-87.5788 104.64 -81.4802 158.929 

-3.69586 21.2891 -3.14978 21.8359 
-33.0392 -67.6635 -32.5656 82.0393 

33.1925 25.7117 -23.4022 48.0677 
-29.786 -0.0343234 18.8367 35.2424 

-17.9101 -14.1139 8.4033 24.302 
72.1381 -54.664 -32.27 96.0906 

-7.25305 -5.87502 63.2838 63.9685 
0.227384 19.1394 7.99054 20.7417 

-0.173353 0.727107 -119.822 119.824 
4.4976 -4.95433 0.366159 6.70133 

65.1177 53.8638 -8.25596 84.9105 
102.685 -15.4724 16.6118 105.165 

-9.30237 9.24518 -24.4894 27.7802 
-53.3733 -10.565 -2.92309 54.4874 

2.35417 1.00967 -4.47564 5.15683 
3.44974 -0.955849 2.6057 4.42764 

-11.0678 -5.74229 -2.74964 12.7684 
-0.496627 3.0053 7.49477 8.09012 

-22.0558 -46.9992 -93.0728 106.574 
51.7608 -27.7646 -58.9761 83.236 

0.50032 3.04087 -11.0715 11.4924 
-37.7199 13.9944 173.625 178.225 

-5.93446 -8.60549 -71.9286 72.6842 
-6.1342 10.1928 -73.1715 74.1323 

144.973 15.7985 -93.9584 173.479 
-102.741 -33.5517 113.489 156.72 

94.8281 9.78432 88.7467 130.246 
-72.2309 -38.9091 -123.989 148.676 

-9.18746 -21.3323 74.5513 78.0857 
-0.338778 3.02728 11.4834 11.8806 

71.9532 -17.4956 127.04 147.046 
-34.2198 -27.3618 -147.462 153.834 

-29.4685 64.9935 84.7014 110.756 
19.1932 -112.375 -80.2145 139.395 

-33.5648 -8.50123 -39.733 52.7027 
36.4587 -0.340966 -132.451 137.378 

13.409 -12.7447 -4.62575 19.069 
-14.1406 58.6957 -160.447 171.431 

4.78729 -98.3042 -68.8708 120.124 
-54.6799 -18.9104 -56.6929 81.0036 

-1.43052 1.14706 124.377 124.39 
-52.7963 -33.9889 -148.457 161.19 

45.5749 16.8935 -13.0552 50.328 
11.6515 104.53 -93.3677 140.641 

10.4982 17.3609 -33.0444 38.7756 
-1.47096 4.59771 18.0942 18.727 

-14.2722 7.43514 -70.9253 72.7281 
4.24813 0.852768 3.50749 5.57461 

-9.08281 -48.6585 -68.4868 84.502 
3.881 26.7162 -6.82143 27.8451 

18.905 30.0157 164.47 168.251 
9.09113 18.091 -127.124 128.726 

43.1302 19.9491 -34.913 58.967 
27.9794 -57.5162 -79.0314 101.671 

23.1978 -14.7998 -40.5835 49.0326 
-19.3937 63.5014 -124.205 140.838 

-0.794926 75.6567 -104.132 128.717 
-46.8901 17.929 -11.7884 51.5665 

-32.4508 -32.4246 -64.0135 78.7537 
34.1533 -15.1478 -8.96907 38.4232 

-20.0767 20.5062 148.1 150.855 
62.0182 -47.7001 -157.694 176.036 

15.7481 15.314 -15.3572 26.8023 
-9.51535 -3.90237 9.75704 14.1764 

-2.78465 -3.13613 -15.9453 16.4876 
-1.78365 9.49884 -4.44426 10.6377 

6.22143 -3.82406 -0.288918 7.30843 
0.190502 -5.75495 -15.6103 16.6384 

56.8515 8.4396 131.536 143.545 
-27.7375 1.65212 37.8079 46.9206 

